# oST version 5.0 parameters


[image]

width
1024

height
768

[narrow_stereo/left]

camera matrix
1316.084092 0.000000 506.400063
0.000000 1316.417843 372.835099
0.000000 0.000000 1.000000

distortion
-0.465395 0.341463 0.002021 0.001082 0.000000

rectification
0.999966 -0.004955 0.006583
0.004947 0.999987 0.001256
-0.006590 -0.001223 0.999978

projection
1473.179202 0.000000 500.873203 0.000000
0.000000 1473.179202 421.267643 0.000000
0.000000 0.000000 1.000000 0.000000

# oST version 5.0 parameters


[image]

width
1024

height
768

[narrow_stereo/right]

camera matrix
1318.204959 0.000000 517.054064
0.000000 1318.239559 463.621512
0.000000 0.000000 1.000000

distortion
-0.476332 0.415922 0.001394 0.000066 0.000000

rectification
0.999949 0.001628 0.009937
-0.001616 0.999998 -0.001247
-0.009939 0.001231 0.999950

projection
1473.179202 0.000000 500.873203 -175.374968
0.000000 1473.179202 421.267643 0.000000
0.000000 0.000000 1.000000 0.000000

